A = a1a0
B = b1b0
A + B = C = c2c1c0

a1 a0 b1 b0 c2 c1 c0
0  0  0  0  0  0  0
0  0  0  1  0  0  1
0  0  1  0  0  1  0
0  0  1  1  0  1  1
0  1  0  0  0  0  1
0  1  0  1  0  1  0
0  1  1  0  0  1  1
0  1  1  1  1  0  0
1  0  0  0  0  1  0
1  0  0  1  0  1  1
1  0  1  0  1  0  0
1  0  1  1  1  0  1
1  1  0  0  0  1  1
1  1  0  1  1  0  0
1  1  1  0  1  0  1
1  1  1  1  1  1  0


c2
B\A  00  01  11  10
00   
01           1
11       1   1   1
10           1   1

a1*b1 + a1*a0*b0 + a0*b1*b0

c1
B\A  00  01  11  10
00           1   1
01       1       1
11   1       1
10   1   1

a1*N(a0)*N(b1) + a1*N(b1)*N(b0) + N(a1)*N(a0)*b1 + N(a1)*b1*N(b0) + N(a1)*a0*N(b1)*b0 + a1*a0*b1*b0

c0
B\A  00  01  11  10
00       1   1
01   1           1
11   1           1
10       1   1

a0*N(b0) + N(a0)*b0